  -1.55937438285657     
 -0.136531817757385     
   3.93724392907209     
   2.32082813828255     
  -7.02454502538062     
 
   1.28287368909513     
  0.816237181075390     
   2.34619797097808     
  0.143965105696219     
  -7.05765262715332     
 
   2.24583752997719     
 -0.397501514028225     
   1.21355658486911     
 -0.798502973795085     
 -0.602369990326399     
  0.593046996692577     
 -0.208369684167778     
 -0.112406829368843     
 -0.344950892474871     
 -0.194239623365388     
 -0.395641439976643     
  5.052377834255145E-002
  -1.95612956073523     
   1.23577647970414     
  -3.84731014080516     
  0.313512498577355     
 -0.183387312030303     
   1.81598823994113     
 -0.563495275595460     
  -7.07442114926710     
  0.372915052868924     
 -0.195774387780426     
  -2.14490959118608     
   1.49051244564808     
  -4.10420840030539     
 
  0.503379572800602     
  0.744283085038336     
  0.479601674216708     
   1.26310949483281     
 -0.807421935469837     
 
  -2.01662970115739     
  -1.61058269628512     
   2.87947528575874     
 -0.542125366667812     
 -0.650295895221765     
 
  0.836228497651076     
 
  0.000000000000000E+000  0.449328964100000     
 
 -0.132123588900000        4.95837875290000     
 
  tansig  tansig 
   1 -  5 -  5 -  1 
rmse=   0.1032 meV
